#/home/szymon/PycharmProjects/pythonProject/BO/main.py
# GMT Mon May 30 14:13:25 2022
# 
29 17 36
18 19 86 15
72 94 100 53 26
94 95 54 97 36
1 75 8
40 24 2 84 28
17 58 22 68
9 45 1 94 52 5
91 90 47
29 7 89 87
12 62 75 44 56 29
63 99 99 5 61 19
16 93 15 65 21
56 46 19
21 67 75 44
79 28 41 73 57 36 31
80 58 77
64 13
29 62 38 95
19 95
5 59 33
73 28 41 50
15 52 84 93
44 95 42 92
11 54 2 53
35 39 38 50 3 67
41 86 17 34 50 73 63
82 81 34 88 3
31 63 12 85 32
100 78 54 47
86 94 50 17
8 45 44 47 73 97
60 48 40 52 33
71 72 65 6 98 24
56 13 75
27 27 53
2 84 68 96 24
92 32 17 94
59 31 11 68
94 1 94
12 32 8
75 52 40 48 21
40 2 83 37 1 43
94 52 50
97 36 86 54
68 16 58
37 96 46
27 27 53
47 22 48 72
12 86 45 97 44
41 57 95 65 39 28
58 67 28 81
98 65 64 65 34
91 66 53 8 31 23
20 53 1 59 90 67
62 95 38
70 53 81
64 34 41
3 28 8 1 45
77 71 16 39 47
9 99 100 26 17 4
33 19 19 73
58 43 57
67 34 6 75 25
75 4 13 5 41 8
94 22 93 22 77
36 37 10 73 6 97
51 81 52 12
67 28 81 47
13 19 5
95 81 50 3 52
69 99 29 5 53
4 19 95 38
16 58 71
30 38
1 1 59
25 19 95 46
71 4 29 61 50
8 15 31
90 67 39
63 46 85
96 22 84 93 68
50 18 28 25
15 19 10
34 6 75 28 25
43 97 71 12 99
92 75 53
75 17 26
12 94 39 10
57 39
71 53 47 81
22 51 35 58
89 7
19 19
62 44 10 75
39 47 13 71
57 45 80
59 53 33
56 97
60 72 13 16
91 48 93 65 34
11 31 93 71
77 24 11 94 65
79 89 88
6 75 81 28 29
94 52 24 28
95 54 81
65 39 10 95
5 16 38
5 41 12
13 16
48 8 27
94 39 27 8
39 66
95 38 19
16 37 46 43
86 95 74 53
47 78 45
31 100 93
9 81 84 48
99 29 5 19
58 87 43 7 17
52 28 33
60 87 16 3 73 52
83 1 72
2 41 45
77 22 93
80 10
11 65 64 48 24
31 24 28 10
100 26 55
93 71 100
85
95 27 42
58 92 99
19
12 97 41 71 99
64 65 65 53
81 34 88
3 35 58 13 4
38 3 39 87 28 73
10 28 2 73
78 54
51 19 99 35
96 96
27 8
27 49 42 100
40 31 36
52 50 5
53 67
99 19 61 4
75 44
18 44 25
84 22 93
41 97
48 21
37 6 97 10
5 67 39
5 45 29
40 33
1 47 45
81 54 89
38 45 95
65 34 65 93
72 16
84 81 93 48
32 34 88
36 81 17 17
36 31 28
58 13 35
24 24 28
19 59 38
37 43 1
42 100 49
24 28
17 32 63
45 36 97 6 54 86
38
87 73 3 28 16
57 74 53
13 29
48 47 71
46
44
47
39 67
65 21 34
81 28 29
34 73 50
32 26 27
27 26 99
72 65 98 53 54
50 73
95 54
33
49 100
48 47 96 75
10 95
1 2
66 8 31
36 54 98
71
48 46 22
94 53 81
47 45
96 47 22
33 17 43 81 87
73
80 26 99
100
81 99 87 17
34 41
92
3 81 50
35 4 61
34 88 3
13 45 1 9
98 54
28
88
22 93 22
74 9 1 95
47 53
99 17 26 4
26
93 48
44 86
30 71 75 99
22 93 68
28 73
45 73
7 87 43
29 4 61
6 97
48
45 1 9
63
73 10
53 65
43
81
29 19
2 73
1 9
52 21
53
9 95
43 17
95
73 16
93 68
8 97
21
99 87
61 4 50
28 29
24 28
97 71
50 4
89 54
46
87
67 53 75
45
53 75
54
88 3
65
26
29
22
81 52
52
17 4
31
4 55
55
16
25
67
75
71 99
28
17
10
95
68
97
86
19
45 41
3 23
99
4
53 8 23
23
41
8
54
59
